symbols used: 34 ['1000PEPE', '1000SHIB', 'AAVE', 'ADA', 'ALLO', 'ARB', 'AVAX', 'BCH', 'BICO', 'BNB', 'DEXE', 'DOGE', 'EIGEN', 'ENA', 'ETH', 'GIGGLE', 'HYPE', 'INJ', 'LINK', 'LIT', 'LTC', 'ONDO', 'PUMP', 'RENDER', 'SOL', 'SUI', 'TAO', 'UNI', 'WIF', 'WLD', 'XLM', 'XRP', 'ZAMA', 'ZEC']

=== mech x slice ===
                                           n  net_pct  gross_pct  net_feeonly_pct  ci_lo  ci_hi  usd_75N  total_usd_75N  tp_rate  sl_rate  time_rate  trunc  be_tp  med_tp  med_sl  med_hold_h  sl_usd_75N  tp_usd_75N  syms_pos  syms
mech                 slice                                                                                                                                                                                                            
C1_pw_tp0.5          OOS_0706_0803      91.0   -0.631     -0.422           -0.542 -1.421  0.192   -0.473        -43.085    0.264    0.692      0.044  0.000  0.317   4.563   1.995      10.083      -1.496       3.422      12.0  33.0
                     OVERLAP_0601_0705  90.0    0.281      0.487            0.367 -0.626  1.256    0.210         18.941    0.356    0.622      0.022  0.000  0.287   6.779   2.739      11.417      -2.054       5.084      19.0  34.0
C2_pw_tp0.25         OOS_0706_0803      82.0   -0.150      0.044           -0.076 -0.896  0.605   -0.112         -9.218    0.439    0.561      0.000  0.000  0.482   1.929   1.849       6.750      -1.387       1.447      11.0  32.0
                     OVERLAP_0601_0705  82.0    0.329      0.524            0.404 -0.436  1.128    0.247         20.227    0.512    0.488      0.000  0.000  0.437   3.374   2.452       6.542      -1.839       2.530      19.0  34.0
F_pw_failed_breakout OOS_0706_0803      69.0   -0.806     -0.587           -0.707 -1.983  0.337   -0.605        -41.730    0.319    0.507      0.174  0.029  0.364   5.448   2.862      26.500      -2.147       4.086      15.0  30.0
                     OVERLAP_0601_0705  58.0   -0.612     -0.385           -0.505 -2.247  1.048   -0.459        -26.608    0.224    0.586      0.190  0.000  0.351   7.990   4.177      30.042      -3.133       5.992      15.0  32.0

=== mech x slice x side ===
                                                n  net_pct  gross_pct  net_feeonly_pct  ci_lo  ci_hi  usd_75N  total_usd_75N  tp_rate  sl_rate  time_rate  trunc  be_tp  med_tp  med_sl  med_hold_h  sl_usd_75N  tp_usd_75N  syms_pos  syms
mech                 slice             side                                                                                                                                                                                                
C1_pw_tp0.5          OOS_0706_0803     -1    49.0    0.077      0.295            0.175 -1.150  1.300    0.058          2.818    0.265    0.653      0.082  0.000  0.277   5.185   1.855      16.750      -1.391       3.889      11.0  26.0
                                        1    42.0   -1.457     -1.258           -1.378 -2.383 -0.504   -1.093        -45.903    0.262    0.738      0.000  0.000  0.362   4.347   2.442       8.375      -1.832       3.260       6.0  24.0
                     OVERLAP_0601_0705 -1    45.0    0.408      0.627            0.507 -1.031  1.964    0.306         13.778    0.333    0.622      0.044  0.000  0.251   9.282   2.740      23.500      -2.055       6.961      17.0  29.0
                                        1    45.0    0.153      0.347            0.227 -0.994  1.417    0.115          5.163    0.378    0.622      0.000  0.000  0.322   5.880   2.738       8.333      -2.054       4.410      15.0  33.0
C2_pw_tp0.25         OOS_0706_0803     -1    45.0   -0.075      0.123            0.003 -1.266  1.162   -0.056         -2.528    0.400    0.600      0.000  0.000  0.438   2.315   1.827       8.083      -1.370       1.736      10.0  26.0
                                        1    37.0   -0.241     -0.053           -0.173 -0.982  0.546   -0.181         -6.690    0.486    0.514      0.000  0.000  0.536   1.813   2.323       3.667      -1.742       1.360      11.0  23.0
                     OVERLAP_0601_0705 -1    41.0    0.637      0.838            0.718 -0.659  2.025    0.478         19.592    0.512    0.488      0.000  0.000  0.379   4.398   2.392       7.333      -1.794       3.298      16.0  25.0
                                        1    41.0    0.021      0.209            0.089 -0.798  0.811    0.015          0.635    0.512    0.488      0.000  0.000  0.496   2.582   2.581       5.333      -1.936       1.936      14.0  30.0
F_pw_failed_breakout OOS_0706_0803     -1    32.0   -0.462     -0.243           -0.363 -2.581  1.547   -0.347        -11.092    0.406    0.469      0.125  0.000  0.397   5.475   3.305      26.625      -2.479       4.106      10.0  19.0
                                        1    37.0   -1.104     -0.886           -1.006 -2.373  0.142   -0.828        -30.639    0.243    0.541      0.216  0.054  0.335   5.148   2.240      25.917      -1.680       3.861      10.0  23.0
                     OVERLAP_0601_0705 -1    32.0   -0.148      0.083           -0.037 -2.539  2.208   -0.111         -3.541    0.375    0.500      0.125  0.000  0.405   6.638   4.177      45.292      -3.133       4.978      13.0  28.0
                                        1    26.0   -1.183     -0.961           -1.081 -3.177  1.071   -0.887        -23.067    0.038    0.692      0.269  0.000  0.285  10.021   4.087      17.875      -3.065       7.516       4.0  15.0

=== mech x slice x seen_sym ===
                                                    n  net_pct  gross_pct  net_feeonly_pct  ci_lo  ci_hi  usd_75N  total_usd_75N  tp_rate  sl_rate  time_rate  trunc  be_tp  med_tp  med_sl  med_hold_h  sl_usd_75N  tp_usd_75N  syms_pos  syms
mech                 slice             seen_sym                                                                                                                                                                                                
C1_pw_tp0.5          OOS_0706_0803     False     31.0   -0.986     -0.783           -0.903 -1.907 -0.075   -0.739        -22.916    0.226    0.742      0.032  0.000  0.302   4.309   1.844       9.000      -1.383       3.232       3.0  12.0
                                       True      60.0   -0.448     -0.235           -0.355 -1.545  0.674   -0.336        -20.169    0.283    0.667      0.050  0.000  0.324   5.058   2.011      13.333      -1.508       3.793       9.0  21.0
                     OVERLAP_0601_0705 False     31.0   -0.919     -0.717           -0.837 -2.181  0.391   -0.689        -21.365    0.323    0.677      0.000  0.000  0.321   6.136   2.740      12.167      -2.055       4.602       5.0  13.0
                                       True      59.0    0.911      1.119            0.999 -0.355  2.260    0.683         40.306    0.373    0.593      0.034  0.000  0.269   7.192   2.738      10.833      -2.054       5.394      14.0  21.0
C2_pw_tp0.25         OOS_0706_0803     False     28.0   -0.689     -0.499           -0.619 -1.567  0.317   -0.517        -14.473    0.321    0.679      0.000  0.000  0.474   1.864   1.765       5.792      -1.324       1.398       2.0  12.0
                                       True      54.0    0.130      0.325            0.205 -0.866  1.211    0.097          5.256    0.500    0.500      0.000  0.000  0.487   2.211   1.955       7.000      -1.466       1.658       9.0  20.0
                     OVERLAP_0601_0705 False     27.0   -0.132      0.059           -0.061 -1.367  1.243   -0.099         -2.682    0.519    0.481      0.000  0.000  0.462   2.996   2.392       5.000      -1.794       2.247       7.0  13.0
                                       True      55.0    0.555      0.752            0.632 -0.358  1.559    0.417         22.909    0.509    0.491      0.000  0.000  0.425   3.443   2.511       7.167      -1.883       2.582      12.0  21.0
F_pw_failed_breakout OOS_0706_0803     False     24.0   -1.037     -0.819           -0.939 -2.852  0.729   -0.778        -18.669    0.250    0.667      0.083  0.000  0.318   5.158   2.102      17.583      -1.577       3.869       5.0  11.0
                                       True      45.0   -0.683     -0.464           -0.584 -2.188  0.789   -0.512        -23.061    0.356    0.422      0.222  0.044  0.388   5.501   3.581      26.917      -2.686       4.126      10.0  19.0
                     OVERLAP_0601_0705 False     23.0   -0.822     -0.587           -0.707 -3.152  1.559   -0.617        -14.184    0.217    0.522      0.261  0.000  0.368   8.015   4.980      50.000      -3.735       6.011       6.0  12.0
                                       True      35.0   -0.473     -0.252           -0.372 -2.556  1.727   -0.355        -12.425    0.229    0.629      0.143  0.000  0.340   7.567   3.528      23.667      -2.646       5.675       9.0  20.0

=== tradable-9 universe (ETH SOL XRP DOGE 1000PEPE 1000SHIB SUI LINK ADA) mech x slice ===
                                           n  net_pct  gross_pct  net_feeonly_pct  ci_lo  ci_hi  usd_75N  total_usd_75N  tp_rate  sl_rate  time_rate  trunc  be_tp  med_tp  med_sl  med_hold_h  sl_usd_75N  tp_usd_75N  syms_pos  syms
mech                 slice                                                                                                                                                                                                            
C1_pw_tp0.5          OOS_0706_0803      24.0   -0.787     -0.582           -0.702 -1.520  0.015   -0.590        -14.159    0.208    0.750      0.042  0.000  0.325   3.645   1.592       9.292      -1.194       2.733       2.0   9.0
                     OVERLAP_0601_0705  24.0    0.877      1.082            0.962 -0.534  2.458    0.658         15.792    0.458    0.542      0.000  0.000  0.295   5.018   2.255       9.750      -1.692       3.764       6.0   9.0
C2_pw_tp0.25         OOS_0706_0803      21.0   -0.719     -0.527           -0.647 -1.273 -0.141   -0.539        -11.321    0.333    0.667      0.000  0.000  0.496   1.515   1.537       6.833      -1.152       1.136       2.0   9.0
                     OVERLAP_0601_0705  23.0    0.165      0.357            0.237 -0.734  1.070    0.124          2.842    0.609    0.391      0.000  0.000  0.495   2.086   2.196       5.250      -1.647       1.565       5.0   9.0
F_pw_failed_breakout OOS_0706_0803      19.0    0.153      0.374            0.254 -1.322  1.686    0.114          2.173    0.316    0.421      0.263  0.053  0.343   4.240   2.091      24.167      -1.568       3.180       5.0   8.0
                     OVERLAP_0601_0705  15.0    1.809      2.049            1.929 -0.743  4.336    1.357         20.351    0.400    0.400      0.200  0.000  0.390   5.869   3.850      50.000      -2.888       4.402       7.0   9.0

=== ETH only, mech x slice ===
                                          n  net_pct  gross_pct  net_feeonly_pct  ci_lo  ci_hi  usd_75N  total_usd_75N  tp_rate  sl_rate  time_rate  trunc  be_tp  med_tp  med_sl  med_hold_h  sl_usd_75N  tp_usd_75N  syms_pos  syms
mech                 slice                                                                                                                                                                                                           
C1_pw_tp0.5          OOS_0706_0803      3.0   -0.379     -0.191           -0.311    NaN    NaN   -0.285         -0.854    0.333    0.667        0.0    0.0  0.351   2.971   0.901       7.333      -0.676       2.228       0.0   1.0
                     OVERLAP_0601_0705  3.0   -0.638     -0.444           -0.564    NaN    NaN   -0.479         -1.436    0.333    0.667        0.0    0.0  0.351   4.129   2.196       8.250      -1.647       3.097       0.0   1.0
C2_pw_tp0.25         OOS_0706_0803      2.0   -1.075     -0.887           -1.007    NaN    NaN   -0.806         -1.612    0.000    1.000        0.0    0.0  0.314   2.214   0.887       6.208      -0.665       1.660       0.0   1.0
                     OVERLAP_0601_0705  2.0   -1.771     -1.570           -1.690    NaN    NaN   -1.328         -2.656    0.000    1.000        0.0    0.0  0.409   2.442   1.570      17.000      -1.177       1.831       0.0   1.0
F_pw_failed_breakout OOS_0706_0803      2.0   -1.158     -0.932           -1.052    NaN    NaN   -0.869         -1.737    0.000    0.500        0.5    0.5  0.262   4.652   1.781      37.042      -1.336       3.489       0.0   1.0
                     OVERLAP_0601_0705  2.0   -2.370     -2.155           -2.275    NaN    NaN   -1.778         -3.555    0.000    1.000        0.0    0.0  0.261   6.190   2.155      28.042      -1.616       4.643       0.0   1.0

=== C1 OOS excluding top-2 winners ===
n                  89.000
net_pct            -0.918
gross_pct          -0.711
net_feeonly_pct    -0.831
ci_lo              -1.616
ci_hi              -0.189
usd_75N            -0.689
total_usd_75N     -61.308
tp_rate             0.258
sl_rate             0.708
time_rate           0.034
trunc               0.000
be_tp               0.320
med_tp              4.548
med_sl              1.968
med_hold_h         10.000
sl_usd_75N         -1.476
tp_usd_75N          3.411
syms_pos           11.000
syms               33.000

=== C1 OOS per symbol ===
          n  net_pct  tp_rate
sym                          
1000PEPE  3   -2.499    0.000
1000SHIB  1   -1.373    0.000
AAVE      1   -3.258    0.000
ADA       4    0.459    0.500
ALLO      4   -2.157    0.250
ARB       3    2.564    0.667
AVAX      3   -1.612    0.000
BCH       3    0.321    0.333
BNB       1    0.509    1.000
DEXE      1    5.829    1.000
DOGE      1    1.950    1.000
EIGEN     3    2.988    0.667
ENA       3   -0.367    0.333
ETH       3   -0.379    0.333
GIGGLE    1   -1.459    0.000
HYPE      3    2.591    0.667
INJ       4   -0.334    0.250
LINK      4   -0.732    0.250
LIT       3   -3.585    0.000
LTC       3    0.883    0.667
ONDO      3   -2.771    0.000
PUMP      3   -4.244    0.000
RENDER    3    0.073    0.333
SOL       2   -1.731    0.000
SUI       3   -0.247    0.000
TAO       1   -1.532    0.000
UNI       3   -2.265    0.000
WIF       4    1.029    0.500
WLD       3    2.116    0.333
XLM       4   -1.088    0.000
XRP       3   -1.843    0.000
ZAMA      3   -0.457    0.333
ZEC       4   -4.290    0.000

C1 tradable-9: 48 trades over 10 weeks x 9 syms -> 4.80 trades/week for the 9-symbol book; per symbol-week 0.533
C1 all-34: 181 trades over 10 weeks -> 18.10/week; per symbol-week 0.532
hold hours quantiles (C1 all): {0.25: 4.2, 0.5: 10.8, 0.75: 29.8, 0.9: 53.9}
