         count       mean       
h            3   6      3      6
sym                             
1000PEPE    20  20   52.8   44.9
1000SHIB    23  23   22.0  -29.8
AAVE        23  23  182.3  149.3
ADA         23  23   56.7   21.5
BNB         24  24    8.7  -35.4
BTC         19  19   41.2   10.7
DOGE        17  17   64.5    9.8
ETH         15  15  128.6  105.1
LINK        20  20  162.5  134.8
LTC         19  19   36.1  -16.8
NEAR        21  21  -26.0  -28.2
ONDO        25  25   26.2   -0.6
SOL         24  24   42.8   40.1
SUI         23  23   60.8   42.5
TAO         22  22  211.9  254.1
UNI         26  26  180.0  174.1
XLM         25  25   88.9   42.6
XRP         24  24   -5.6  -47.6
        count   mean
h half              
3 H1      218  103.4
  H2      175   36.8
6 H1      218   74.6
  H2      175   15.6
         count   mean
mon                  
2025-07      6   37.0
2025-08     60   45.1
2025-09     29   99.3
2025-10     65  179.8
2025-11     52   93.1
2025-12     13   19.7
2026-01     65    6.8
2026-02     45  -77.3
2026-03      5  -91.5
2026-04     53  186.5
